97468 66602
573318 570493
298491 295500
103349 32173
741223 739300
66250 86991
40744 53145
14413 59480
110295 11018
110992 76377
59427 28068
80155 68978
897526 897491
755200 754553
80309 19594
18860 28829
86318 106313
36422 68973
382854 386967
22766 34987
33063 84304
98739 110752
55383 84293
51736 38603
728803 727209
46008 42773
58107 10947
410400 411306
111545 28657
561860 564351
15034 1843
40404 84507
17809 70848
61691 10948
717775 718117
59477 58977
491587 491954
91584 34191
743873 741934
617060 617321
122981 126382
23857 5511
88884 67765
438470 440611
11736 48629
547598 549374
90087 27711
78593 102297
58532 81199
69233 21744
86470 57912
130909 115382
400045 402261
24606 80262
39130 40073
356265 345319
221744 216243
681862 683404
62316 25497
112467 66344
826694 825605
46018 31601
24746 34597
294733 294816
106408 68340
720911 721895
66445 104713
32074 28807
35734 37546
100858 3297
71775 76078
108355 56792
26161 95023
99539 57603
95732 57230
46589 67184
525964 528137
226968 231368
52928 45043
53763 85740
47929 51020
17882 52631
31640 89966
87998 112819
116841 127370
82380 67610
104813 17631
233951 233337
66976 7620
744674 745106
44527 59721
46853 100162
34308 4252
95476 44354
170507 175401
97409 39759
57538 48411
991220 989961
113011 64318
594340 589800
27133 31985
58477 87093
45612 100014
37288 50501
899759 890076
73078 78112
36382 55390
7312 25015
45022 111986
451588 437373
46327 97108
65892 50416
98999 81284
677007 679785
264945 263122
108376 65040
74061 17517
103473 1915
105643 90211
291040 291748
10077 79918
30408 98544
40355 69114
51960 78318
110979 11522
94791 85213
333889 339043
21543 104179
10051 81245
111782 63430
3254 16624
36144 9906
29220 53913
34366 73006
99956 9052
568286 569561
393430 397544
119008 117423
74104 19721
49481 62373
51254 102610
3740 4846
142758 142895
895068 893008
413023 408508
99139 70690
6369 5896
93101 70399
156307 158062
86921 52922
68308 100737
542712 541095
598394 602031
36946 9950
48840 68816
13726 99232
604452 601834
367311 366203
118140 129452
15453 46759
130584 119447
5633 8329
20956 59941
56566 88277
274891 272063
170462 176317
351040 348730
30697 77942
55725 106378
917013 912951
42098 56705
400522 398186
339483 334587
20723 111884
598801 604294
599736 597360
22545 95513
129902 129941
111097 75389
900490 900139
89282 32890
783692 783326
102876 21935
95786 66649
896604 892348
51019 46953
3620 61093
71130 74544
191676 194082
75789 76486
938809 938256
53474 65627
66675 42202
42693 95128
96222 70847
99187 65572
55201 51114
122767 114881
73009 40817
60206 32765
62540 76130
91135 105002
321793 322251
88736 49727
763094 761012
61366 81533
92064 35684
78113 103852
338688 336906
629187 629125
303799 305590
8261 61199
8843 100450
2460 31242
64416 35910
49918 100116
675530 677147
109393 31426
620859 613806
327566 333349
42755 1545
98304 33950
706086 706919
23704 67600
35740 23218
498350 496194
226343 215185
99179 91088
469326 468673
50765 71180
112277 49658
685501 682427
2353 14295
65962 88552
73292 19634
105654 104394
51855 101527
89885 542
12074 66401
393210 400697
56730 78900
99733 39178
946 37680
75103 62317
74329 5745
112102 2150
801948 799501
83770 43891
357352 341094
458426 458437
71897 51991
35158 99629
91870 3290
54724 27240
80541 98251
435 77994
105582 362
76564 15476
33023 22777
34040 2145
692429 692305
788732 796730
568582 569809
110463 95571
110470 46655
295983 294595
60566 22206
73822 3885
109891 78349
48332 11483
191859 191338
46491 8208
438055 447674
109082 78462
22335 64780
23096 79872
28170 5287
224607 221421
768906 768727
236789 229040
78426 31672
65149 34357
400724 399626
128524 115873
881135 878457
11168 40326
50319 53980
209253 212040
72603 54257
96188 48305
99796 23428
9611 16291
50704 28825
301264 293585
109909 25873
410072 410665
306960 308315
48056 57256
502 42060
47614 6763
9650 8571
92019 24613
3002 97523
41079 39058
198052 195108
74210 47940
247835 246571
43482 64290
2998 21856
96428 11539
109574 97711
5334 91124
1961 69552
62760 41387
84927 85381
98890 25786
65084 56734
129339 131558
9725 19427
16160 41703
30103 99454
96640 53925
80746 46228
443169 438045
106821 56138
97616 30162
514029 511076
101943 73322
51266 71659
514 110864
390741 390154
22408 67524
354357 347825
328391 332291
88184 7564
221245 222028
13711 81245
250134 247779
107266 56589
130798 119132
104775 51200
53810 110830
531893 537359
528032 530141
22082 7879
134476 136493
82725 27118
102593 58424
53902 51944
42872 90001
55537 25069
21603 56150
27921 81563
525663 529228
108494 80333
21691 75671
92836 21103
65264 17824
47663 34220
106459 112872
78960 94316
44620 49970
6704 1370
17040 14741
70768 56245
60706 8698
2046 31657
951895 954922
24699 18008
33334 103627
73180 84564
529098 530307
829 102393
800401 802395
9554 1671
39849 107441
65385 96985
48673 47829
800516 801842
53540 14391
992916 995749
45530 13366
86975 19546
6348 100707
778175 777478
95723 70137
17289 65173
710731 710442
95948 27324
54325 77382
670917 676730
452067 444425
98649 73674
952151 953212
58466 31056
1263 4836
4295 51501
899021 891533
257562 257212
76264 19048
33792 88540
59644 54151
125739 118001
8295 74855
743431 745146
77423 105320
109482 42730
115775 122187
694239 694613
61947 107149
63110 4561
616333 619826
110980 5264
298223 297789
109258 83480
33378 43462
72861 42049
84756 63916
74046 12395
134463 136833
65214 10606
349167 348107
110686 48504
69410 7807
56355 28922
94833 25627
118580 128393
31445 89392
64036 36729
844765 846353
42803 30282
449772 449752
113652 125093
572863 572770
90320 12246
106623 75082
547 99122
75102 32301
22025 57564
17290 6501
29657 113039
178034 172852
14544 8158
5716 74516
75976 50244
20298 50542
176588 172948
104432 26916
425183 422696
129979 121092
16441 35679
847349 846320
86337 41398
104730 27144
68346 70601
76749 32948
49776 86844
868752 867309
348854 356799
16925 81662
984731 985192
2065 5479
127188 118719
110445 47311
575756 575196
65239 83067
492174 496149
38231 31342
112596 75740
31420 50324
7548 69688
616651 617685
52102 5864
109904 91194
50830 65660
602957 598951
336518 323346
536900 536580
438711 450649
235790 238209
86143 47271
83656 59272
33656 101079
46521 99322
47840 91255
4409 106710
48800 8985
37192 60592
894027 899181
122132 125417
2864 108272
20631 81152
491252 488494
96157 80399
56324 34145
72377 68112
56463 48896
71511 72761
746527 743765
17194 51644
53718 75143
109532 33428
82194 54368
15451 56314
451888 445164
4060 62207
41908 16616
427 8976
20671 5028
78370 69369
67876 26960
68705 106931
343379 355655
13873 82655
70349 61971
72917 109310
79711 29140
43708 7778
46757 22544
106782 106828
50407 38610
15890 109512
10870 51205
26 98799
108156 27827
18746 47028
78254 109139
52886 10983
82670 82352
35144 104881
24558 41751
32780 101635
39263 63879
278 96315
10171 26689
346936 354470
31114 107012
889 76102
558256 555819
76955 88227
31757 85908
70778 67618
102461 73759
43713 16195
10780 91125
12109 26664
16103 36666
78470 110176
85333 13135
37432 97120
22437 3445
59005 22582
20084 45031
16383 18164
58100 22551
351928 347843
445440 446791
896019 900753
3266 47249
440828 438097
37664 35965
99755 54675
601896 600266
51145 25840
8656 94521
58138 29921
70598 71350
10293 72367
226935 237791
41513 55006
670 92044
55607 67210
11083 76865
109377 90946
305734 302536
74669 81592
6216 45804
745549 739303
86104 12820
369321 371790
5701 5285
325688 331198
56592 13707
447795 439548
950646 947318
77957 48130
54182 20042
93486 87360
226563 217047
60630 4327
29627 60169
89099 107159
38291 23185
18216 99353
75891 113281
40288 2022
88800 50602
67031 41244
101749 27707
32172 34106
7746 47674
85830 87199
57131 60291
90163 18024
28407 71632
589638 599332
285137 286811
451119 450842
69277 877
68628 33068
32566 56019
59365 20784
135566 138361
400422 400487
71879 18981
111950 5170
990695 986224
37027 106766
80558 49659
39015 97761
56486 90956
51063 97058
80900 108067
63668 12268
68812 3519
61023 112702
52352 95284
106891 78671
7610 112714
106622 51858
267894 261721
938 2968
11397 33761
68200 103178
75827 103705
87596 103146
18351 89736
106660 40665
82809 110948
44424 76477
558191 559136
85920 56914
757962 761040
473239 474679
90631 19802
62347 91995
33515 170
23618 45526
14981 48054
59120 14584
68577 9769
599243 589787
586869 583903
602045 595028
26272 42781
30692 61532
25846 3209
28761 85312
2253 20800
50 81967
692388 693914
77369 42669
722617 722284
143880 150066
108790 41535
59496 46499
225319 214978
88111 12186
9842 49372
37981 41890
93629 59894
44197 84192
90157 86256
12095 5922
47564 36164
77712 73685
113399 132295
89912 52458
81766 99275
11885 39994
246725 253431
104249 49697
32202 66564
2713 109560
57591 100737
35086 91354
67692 83690
507888 507942
43399 83135
81758 40485
89787 44982
26354 58457
68801 91171
905 49942
25235 64924
75604 22583
28017 104560
57597 101735
80851 106306
95040 64539
570859 569884
90628 31364
433068 433571
83099 41908
18017 60008
97499 57998
105293 8004
604215 596979
94948 63877
590832 595000
99257 108214
116214 124066
81263 20933
79711 82671
9812 6694
96538 35579
587849 585639
104407 91637
26253 103883
34666 42622
494809 497042
446040 445736
224737 225643
710030 708028
7161 53982
197025 200489
512578 514457
55264 59023
996234 994111
57320 34772
50398 113333
332678 337293
847742 847560
109221 84640
104248 84385
84523 84153
51140 36386
30156 82273
1173 1644
43179 103317
112661 33774
109478 30964
594627 591249
45570 69360
85876 94538
30594 83523
34081 16655
93498 108752
36406 39481
115942 128287
42839 32555
6193 31423
39670 111412
81250 110854
78873 64302
174061 182882
798659 803693
37355 36248
233590 232898
110111 98155
74847 74435
891033 897318
102486 75466
16601 82133
145515 148063
334725 330510
22969 25749
16476 71335
597008 591235
356279 345431
46319 46137
681516 684763
75929 72457
880359 879075
176631 171093
890576 895523
149994 146739
120324 128947
548003 549391
445504 438742
98818 78182
142720 150805
798723 797981
100193 11311
4434 5889
65514 17037
328183 329641
74244 104487
61945 67575
32621 33742
84048 39643
77593 70
7323 25227
81888 102372
79835 15782
449088 452249
180002 173630
81789 80365
15201 109608
123988 120052
71461 20206
99523 68759
547574 545377
104397 48691
31410 67479
78312 100226
236923 230421
63148 53721
891924 893057
701238 701505
87734 20824
916488 912961
62313 3491
52990 27938
94979 66338
930578 930140
468357 474785
11341 41955
33774 5849
2103 28602
48099 107105
442627 445885
402031 398654
13042 28452
23942 63994
135108 135445
299829 291597
69641 4848
491614 488474
8222 88179
34066 40393
97884 18549
34676 83482
25916 93707
219013 224365
97017 95767
22830 58720
6146 20886
93725 87368
2711 59455
299 52813
154090 154414
68812 78724
51000 102238
91856 99920
43977 75824
164935 162784
347 30931
49560 98321
7745 7126
7220 36218
97222 4913
47041 1478
23892 4699
87265 58241
57131 60711
1726 59004
382099 381997
82777 17286
49211 105798
17340 84392
50947 108664
96582 49520
195150 191496
24036 46243
95141 81196
789772 793720
924198 923429
95231 16885
13241 63880
382831 385834
56549 29138
7649 110341
264702 266893
331533 328069
67132 26121
74841 15112
71191 24656
61422 38894
662911 656926
64573 75682
90961 101506
10605 74755
111518 55773
97668 69964
197896 193799
76578 40045
402522 399554
104 101210
45259 72996
106837 51623
146628 145819
814618 815695
71133 26521
98365 110538
354282 351892
26339 9326
11063 85111
101635 111273
106969 69126
92760 85914
439001 444460
86750 109153
676726 675566
31659 103634
50820 38669
186751 190704
328226 325589
283953 283707
200255 196338
58058 12211
39195 70038
72057 5923
43394 86026
42256 105495
39664 18121
470159 476738
352737 358309
691309 694684
53623 54159
43037 87103
68579 67149
16808 50056
367884 363966
71133 64289
345312 356498
926742 924961
46083 18385
23892 83161
802259 803391
57664 59408
88692 29266
96288 38451
318959 314587
10223 51057
13446 23802
49755 13028
746420 739316
79654 93379
105825 24115
77189 51636
49276 64587
105944 94678
53045 51538
106935 80118
551824 549199
59320 31865
166971 167740
93297 112669
492419 493990
941655 941926
673031 676075
624463 624411
111398 1957
799001 803398
188260 187742
42792 92639
84936 60284
461808 463946
11979 10758
66585 14894
16594 52024
59178 43784
102577 19538
122757 115823
353275 340930
15255 52093
95342 84120
95879 55022
36843 89374
68053 71629
31348 106362
685536 681237
352028 350036
135396 134691
344642 353793
46574 13606
69281 37418
407122 407430
330206 337264
101815 17388
24041 46530
10154 93484
65867 8446
32229 61273
54674 32759
40007 19726
46850 33195
40068 112313
102331 103516
11184 49306
60874 78085
90260 83095
1694 5114
20888 71855
1244 27270
21135 80460
83435 59938
41052 46208
52929 66675
